1
-0.5177 1.9256 2.4433
-0.5177 1.9256 2.4433
-0.5458 1.8916 2.4374
-0.5458 1.8916 2.4374
-0.6779 1.8498 2.5277
-0.6780 1.8498 2.5278
-0.8541 1.7186 2.5727
-0.8541 1.7186 2.5727
-0.6257 1.8312 2.4569
-0.6257 1.8312 2.4569
-0.6147 1.6725 2.2872
-0.6147 1.6725 2.2872
-0.5807 1.6126 2.1933
-0.5807 1.6126 2.1933
-0.4178 1.4656 1.8834
-0.4178 1.4656 1.8834
-0.5458 1.8915 2.4373
-0.5458 1.8915 2.4373
-0.6780 1.8498 2.5278
-0.6781 1.8498 2.5279
-0.8541 1.7186 2.5727
-0.8541 1.7186 2.5727
-0.6257 1.8311 2.4568
-0.6258 1.8311 2.4569
-0.6146 1.6723 2.2869
-0.6146 1.6724 2.287
-0.6146 1.6723 2.2869
-0.6146 1.6725 2.2871
-0.5807 1.6127 2.1934
-0.5807 1.6127 2.1934
-0.4178 1.4657 1.8835
-0.4178 1.4657 1.8835

